Motion Through Fluids Experiment Wed, Mar 21, 2018 3:00 PM
Time(sec)	Position(mm)
0.038	0.000
0.138	0.000
0.238	0.000
0.338	0.000
0.438	0.000
0.538	0.000
0.638	0.000
0.738	0.000
0.838	0.000
0.938	0.000
1.038	0.000
1.138	0.000
1.238	0.000
1.338	0.000
1.438	0.000
1.538	0.000
1.638	0.000
1.738	0.000
1.838	0.000
1.938	0.000
2.038	0.000
2.138	0.000
2.238	0.000
2.338	0.000
2.438	0.000
2.538	0.000
2.638	0.000
2.738	0.000
2.838	0.000
2.938	0.000
3.038	0.000
3.138	0.000
3.238	0.000
3.338	0.000
3.439	0.000
3.539	0.000
3.638	0.000
3.739	0.000
3.838	0.000
3.938	0.000
4.038	0.000
4.138	0.000
4.238	0.000
4.338	0.000
4.438	0.000
4.538	0.000
4.638	0.000
4.738	0.000
4.838	0.000
4.938	0.000
5.038	0.000
5.138	0.000
5.238	0.000
5.338	0.000
5.439	0.000
5.538	0.000
5.638	0.000
5.738	0.000
5.838	0.000
5.938	0.000
6.038	0.000
6.138	0.000
6.238	0.000
6.338	0.000
6.438	0.000
6.538	0.000
6.638	0.000
6.738	0.000
6.838	0.000
6.938	0.000
7.038	0.000
7.138	0.000
7.238	0.000
7.338	0.000
7.438	0.000
7.538	0.000
7.638	0.000
7.738	0.000
7.838	0.000
7.938	0.000
8.039	0.000
8.138	0.000
8.238	0.000
8.338	0.000
8.438	0.000
8.538	0.000
8.638	0.000
8.738	0.000
8.838	0.000
8.938	0.000
9.038	0.000
9.138	0.000
9.238	0.000
9.338	0.000
9.438	0.000
9.538	0.000
9.638	0.000
9.738	0.000
9.838	0.000
9.938	0.000
10.038	0.000
10.138	0.000
10.238	0.000
10.338	0.000
10.438	0.000
10.538	0.000
10.638	0.000
10.738	0.000
10.838	0.000
10.938	0.000
11.038	0.000
11.138	0.000
11.238	0.000
11.338	0.000
11.438	0.000
11.538	0.000
11.638	0.000
11.738	0.000
11.838	0.000
11.938	0.000
12.038	0.000
12.138	0.000
12.238	31.839
12.338	0.000
12.438	0.000
12.538	0.000
12.638	0.000
12.738	0.000
12.838	0.000
12.938	0.000
13.038	0.000
13.138	0.000
13.238	0.000
13.338	0.000
13.438	0.000
13.539	0.000
13.638	0.000
13.738	0.000
13.838	0.000
13.938	0.000
14.038	0.000
14.138	0.000
14.238	0.000
14.338	0.000
14.438	0.000
14.538	0.000
14.638	0.000
14.738	0.000
14.838	0.000
14.938	0.000
15.038	0.000
15.138	0.000
15.238	0.000
15.338	0.000
15.438	0.000
15.538	0.000
15.638	0.000
15.738	44.961
15.838	0.000
15.938	0.000
16.038	0.000
16.139	46.601
16.238	0.000
16.338	47.148
16.438	0.000
16.538	0.000
16.638	0.000
16.738	48.788
16.838	49.335
16.938	49.335
17.038	0.000
17.138	0.000
17.238	0.000
17.338	50.975
17.438	51.522
17.538	0.000
17.638	52.069
17.738	0.000
17.838	0.000
17.938	53.162
18.038	0.000
18.138	53.709
18.238	54.256
18.338	0.000
18.438	54.802
18.538	55.349
18.638	55.896
18.738	55.896
18.838	56.443
18.938	0.000
19.038	0.000
19.138	0.000
19.238	0.000
19.338	58.083
19.438	0.000
19.538	59.176
19.638	0.000
19.738	59.723
19.838	0.000
19.938	0.000
20.038	60.817
20.138	61.363
20.238	61.910
20.338	61.910
20.438	62.457
20.538	63.004
20.638	63.004
20.738	63.550
20.838	0.000
20.938	64.097
21.038	64.644
21.138	65.191
21.238	0.000
21.338	65.737
21.438	66.284
21.538	66.284
21.638	66.831
21.738	67.378
21.838	0.000
21.938	67.924
22.038	68.471
22.138	69.018
22.238	69.018
22.338	69.564
22.438	70.111
22.538	70.111
22.638	70.658
22.738	70.658
22.838	71.205
22.938	71.751
23.038	72.298
23.138	72.298
23.238	72.845
23.338	73.392
23.438	73.392
23.538	73.938
23.638	74.485
23.738	74.485
23.838	75.032
23.938	75.579
24.038	75.579
24.138	76.125
24.238	76.672
24.338	0.000
24.438	77.219
24.539	77.766
24.639	78.312
24.738	78.312
24.838	78.859
24.938	79.406
25.038	79.406
25.138	79.953
25.238	0.000
25.338	80.499
25.438	81.046
25.538	81.046
25.638	81.593
25.738	82.140
25.838	82.686
25.938	0.000
26.038	83.233
26.138	83.780
26.238	83.780
26.338	84.327
26.438	84.873
26.538	0.000
26.638	85.420
26.738	85.967
26.838	0.000
26.938	86.514
27.038	87.060
27.138	87.607
27.238	87.607
27.338	88.154
27.438	0.000
27.538	88.701
27.638	89.247
27.738	89.794
27.838	89.794
27.938	90.341
28.038	0.000
28.138	90.887
28.238	91.434
28.338	0.000
28.438	91.981
28.538	92.528
28.638	93.074
28.738	0.000
28.838	93.621
28.938	0.000
29.038	94.168
29.138	94.715
29.238	95.261
29.338	95.808
29.438	95.808
29.538	96.355
29.638	96.902
29.738	96.902
29.838	97.448
29.938	0.000
30.038	97.995
30.138	98.542
30.238	98.542
30.338	99.089
30.438	99.635
30.538	99.635
30.638	100.182
30.739	100.729
30.838	0.000
30.938	101.276
31.038	101.822
31.138	102.369
31.238	102.369
31.338	102.916
31.438	102.916
31.538	103.463
31.638	104.009
31.738	104.009
31.838	0.000
31.938	105.103
32.038	105.650
32.138	105.650
32.238	106.196
32.338	106.743
32.438	107.290
32.538	107.290
32.638	107.837
32.738	107.837
32.838	108.383
32.938	108.930
33.038	109.477
33.138	109.477
33.238	110.024
33.338	0.000
33.438	110.570
33.538	111.117
33.638	111.664
33.738	0.000
33.838	112.210
33.938	112.757
34.038	112.757
34.138	0.000
34.238	0.000
34.338	113.851
34.438	114.397
34.538	114.944
34.638	0.000
34.739	115.491
34.838	116.038
34.938	0.000
35.038	116.584
35.138	117.131
35.239	0.000
35.338	0.000
35.438	118.225
35.538	0.000
35.638	118.771
35.738	119.318
35.838	119.865
35.938	119.865
36.038	120.412
36.138	0.000
36.238	120.958
36.338	0.000
36.438	0.000
36.538	122.052
36.638	122.599
36.738	123.145
36.838	123.145
36.938	123.692
37.038	0.000
37.138	0.000
37.238	124.786
37.338	125.332
37.438	125.332
37.538	125.879
37.638	126.426
37.738	0.000
37.838	126.973
37.938	127.519
38.038	0.000
38.138	128.066
38.238	128.613
38.338	0.000
38.438	129.160
38.538	129.706
38.638	0.000
38.738	0.000
38.838	130.800
38.938	0.000
39.038	131.347
39.138	131.893
39.238	132.440
39.338	132.440
39.438	132.987
39.538	132.987
39.638	133.533
39.738	134.080
39.838	134.627
39.938	134.627
40.038	135.174
40.138	135.174
40.238	135.720
40.338	136.267
40.438	136.814
40.538	136.814
40.638	137.361
40.738	137.907
40.839	137.907
40.938	138.454
41.038	138.454
41.138	139.001
41.238	139.548
41.338	139.548
41.438	140.094
41.538	140.641
41.638	141.188
41.738	141.188
41.838	141.735
41.939	142.281
42.038	142.281
42.138	142.828
42.238	143.375
42.338	143.375
42.438	143.922
42.538	144.468
42.638	144.468
42.738	145.015
42.838	145.562
42.938	146.109
43.038	146.109
43.138	146.655
43.238	146.655
43.338	147.202
43.438	147.749
43.538	147.749
43.638	148.296
43.738	148.842
43.838	0.000
43.938	149.389
44.038	149.936
44.138	149.936
44.238	150.483
44.338	151.029
44.438	151.576
44.538	151.576
44.638	152.123
44.738	152.670
44.838	152.670
44.938	153.216
45.038	153.763
45.138	153.763
45.238	154.310
45.338	154.856
45.438	154.856
45.538	155.403
45.638	155.950
45.738	0.000
45.838	156.497
45.938	157.043
46.038	157.043
46.138	157.590
46.238	158.137
46.338	158.137
46.438	158.684
46.538	159.230
46.639	0.000
46.738	159.777
46.838	160.324
46.938	160.324
47.038	160.871
47.138	161.417
47.238	0.000
47.338	161.964
47.438	162.511
47.539	0.000
47.638	163.058
47.738	163.604
47.838	0.000
47.938	164.151
48.038	164.698
48.138	0.000
48.238	165.245
48.338	165.791
48.438	166.338
48.538	166.338
48.638	166.885
48.738	167.432
48.838	167.432
48.938	167.978
49.038	168.525
49.138	0.000
49.238	169.072
49.338	0.000
49.438	169.619
49.538	170.165
49.638	170.712
49.738	170.712
49.838	171.259
49.938	171.806
50.038	171.806
50.138	172.352
50.238	172.352
50.338	172.899
50.438	173.446
50.539	173.992
50.638	173.992
50.738	174.539
50.838	175.086
50.938	175.086
51.038	175.633
51.138	176.179
51.238	176.179
51.338	176.726
51.438	176.726
51.538	177.273
51.638	177.820
51.738	178.366
51.838	178.366
51.938	178.913
52.038	179.460
52.138	179.460
52.238	0.000
52.338	180.553
52.438	180.553
52.538	181.100
52.638	181.647
52.738	181.647
52.838	182.194
52.938	182.740
53.038	182.740
53.138	183.287
53.238	183.834
53.338	183.834
53.438	184.381
53.538	184.927
53.638	0.000
53.738	185.474
53.838	186.021
53.938	186.021
54.038	186.568
54.138	187.114
54.238	187.114
54.338	187.661
54.438	188.208
54.538	188.208
54.638	188.755
54.738	189.301
54.838	189.301
54.938	189.848
55.038	190.395
55.138	190.395
55.238	0.000
55.338	191.488
55.438	191.488
55.538	192.035
55.638	192.582
55.738	192.582
55.839	193.129
55.938	193.675
56.038	194.222
56.138	194.222
56.238	194.769
56.338	194.769
56.438	195.316
56.538	195.862
56.638	195.862
56.738	196.409
56.838	196.956
56.938	197.502
57.038	197.502
57.138	198.049
57.238	198.049
57.338	198.596
57.438	199.143
57.538	0.000
57.638	199.689
57.738	200.236
57.838	200.236
57.938	200.783
58.038	201.330
58.138	201.330
58.238	201.876
58.338	202.423
58.438	202.423
58.538	202.970
58.638	203.517
58.738	203.517
58.838	204.063
58.938	204.610
59.038	204.610
59.138	205.157
59.238	205.704
59.338	205.704
59.438	206.250
59.538	206.797
59.638	206.797
59.738	207.344
59.838	207.891
59.938	207.891
60.038	208.437
60.138	208.984
60.238	208.984
60.338	209.531
60.438	210.078
60.538	210.078
60.638	210.624
60.738	211.171
60.838	211.171
60.938	211.718
61.038	212.265
61.138	212.265
61.238	212.811
61.338	213.358
61.438	213.358
61.539	213.905
61.638	214.452
61.738	214.452
61.838	214.998
61.938	214.998
62.038	215.545
62.138	216.092
62.239	216.638
62.338	216.638
62.438	217.185
62.538	217.732
62.638	217.732
62.738	218.279
62.838	218.825
62.938	219.372
63.038	219.372
63.138	0.000
63.238	219.919
63.338	220.466
63.438	0.000
63.538	221.012
63.638	221.559
63.738	0.000
63.838	222.106
63.938	0.000
64.038	223.199
64.138	223.199
64.238	223.746
64.338	224.293
64.438	0.000
64.538	224.840
64.638	225.386
64.738	0.000
64.838	225.933
64.938	226.480
65.038	226.480
65.138	227.027
65.238	227.573
65.338	227.573
65.438	228.120
65.538	0.000
65.638	0.000
65.738	229.214
65.838	0.000
65.938	0.000
66.038	0.000
66.138	0.000
66.238	0.000
66.338	231.401
66.438	0.000
66.538	0.000
66.638	232.494
66.738	0.000
66.838	233.041
66.938	0.000
67.038	0.000
67.138	0.000
67.238	0.000
67.338	0.000
67.438	0.000
67.538	235.775
67.638	0.000
67.738	0.000
67.838	236.868
67.938	0.000
68.038	0.000
68.138	237.962
68.238	0.000
68.338	0.000
68.438	0.000
68.538	0.000
68.638	0.000
68.738	0.000
68.838	0.000
68.938	0.000
69.038	0.000
69.138	0.000
69.238	241.789
69.338	0.000
69.438	0.000
69.538	0.000
69.638	0.000
69.738	0.000
69.838	0.000
69.938	0.000
70.038	244.522
70.138	0.000
70.238	0.000
70.338	0.000
70.438	246.163
70.538	0.000
70.638	0.000
70.738	0.000
70.838	247.803
70.938	0.000
71.038	0.000
71.138	0.000
71.238	0.000
71.338	0.000
71.438	0.000
71.538	0.000
71.638	0.000
71.738	0.000
71.838	0.000
71.938	0.000
72.038	0.000
72.138	0.000
72.238	0.000
72.338	0.000
72.438	0.000
72.538	0.000
72.638	0.000
72.738	0.000
72.838	0.000
72.938	0.000
73.038	0.000
73.138	0.000
73.238	0.000
73.338	0.000
73.438	0.000
73.538	0.000
73.638	0.000
73.739	0.000
73.838	0.000
73.938	0.000
74.038	0.000
74.138	0.000
74.238	0.000
74.338	0.000
74.438	0.000
74.538	0.000
74.638	0.000
74.738	0.000
74.838	0.000
74.938	0.000
75.038	0.000
75.138	0.000
75.238	0.000
75.338	0.000
75.438	0.000
75.538	0.000
75.638	0.000
75.738	0.000
75.838	0.000
75.938	0.000
76.038	0.000
76.138	0.000
76.238	0.000
76.338	0.000
76.438	0.000
76.538	0.000
76.638	0.000
76.738	0.000
76.838	0.000
76.939	0.000
77.038	0.000