Motion Through Fluids Experiment Wed, Mar 21, 2018 2:42 PM
Time(sec)	Position(mm)
0.008	0.000
0.059	0.000
0.108	0.000
0.158	0.000
0.208	0.000
0.258	0.000
0.308	0.000
0.358	0.000
0.408	0.000
0.458	0.000
0.508	0.000
0.558	0.000
0.608	0.000
0.658	0.000
0.708	0.000
0.758	0.000
0.808	0.000
0.858	0.000
0.908	0.000
0.958	0.000
1.008	0.000
1.058	0.000
1.108	0.000
1.158	0.000
1.208	0.000
1.258	0.000
1.308	0.000
1.359	0.000
1.408	0.000
1.458	0.000
1.508	0.000
1.558	0.000
1.608	0.000
1.658	0.000
1.709	0.000
1.758	0.000
1.808	0.000
1.858	0.000
1.909	0.000
1.958	0.675
2.008	0.675
2.058	1.222
2.108	1.768
2.158	2.315
2.208	2.862
2.258	3.409
2.308	3.955
2.358	5.049
2.408	5.595
2.458	6.142
2.508	6.689
2.558	7.236
2.608	7.782
2.658	8.876
2.708	9.423
2.758	9.969
2.808	10.516
2.858	11.063
2.908	11.610
2.958	12.703
3.008	13.250
3.058	13.797
3.108	14.343
3.158	14.890
3.208	15.984
3.258	16.530
3.308	17.077
3.358	17.624
3.408	18.171
3.458	18.717
3.508	19.264
3.558	20.358
3.608	20.904
3.658	21.451
3.708	21.998
3.758	22.545
3.808	23.091
3.858	24.185
3.908	24.732
3.958	25.278
4.008	25.825
4.058	26.372
4.108	27.465
4.158	28.012
4.208	28.559
4.258	29.105
4.308	29.652
4.358	30.199
4.408	31.292
4.458	31.839
4.508	32.386
4.558	32.933
4.608	33.479
4.658	34.026
4.708	35.120
4.758	35.666
4.809	36.213
4.858	36.760
4.908	37.307
4.958	37.853
5.008	38.947
5.058	39.494
5.108	40.040
5.158	40.587
5.208	41.134
5.259	41.681
5.308	42.227
5.358	43.321
5.409	43.868
5.458	44.414
5.508	44.961
5.558	45.508
5.608	46.055
5.658	46.601
5.708	47.695
5.758	48.241
5.808	48.788
5.858	49.335
5.908	49.882
5.958	50.975
6.008	51.522
6.058	52.069
6.108	52.615
6.158	53.162
6.208	53.709
6.258	54.802
6.308	55.349
6.358	55.896
6.408	56.443
6.458	56.989
6.508	57.536
6.558	58.083
6.608	59.176
6.658	59.723
6.708	60.270
6.758	60.817
6.808	61.363
6.858	62.457
6.909	63.004
6.958	63.550
7.008	64.097
7.058	64.644
7.108	65.191
7.158	65.737
7.208	66.831
7.258	67.378
7.309	67.924
7.358	68.471
7.408	69.018
7.458	70.111
7.508	70.658
7.558	71.205
7.609	71.751
7.658	72.298
7.708	72.845
7.758	73.938
7.808	74.485
7.858	75.032
7.908	75.579
7.958	76.125
8.008	76.672
8.058	77.766
8.108	78.312
8.158	78.859
8.208	79.406
8.258	79.953
8.308	80.499
8.358	81.046
8.409	82.140
8.458	82.686
8.508	83.233
8.558	83.780
8.608	84.327
8.658	84.873
8.708	85.420
8.758	86.514
8.808	87.060
8.858	87.607
8.908	88.154
8.958	88.701
9.008	89.247
9.058	90.341
9.108	90.887
9.158	91.434
9.208	91.981
9.258	92.528
9.308	93.074
9.358	94.168
9.408	94.715
9.458	95.261
9.508	95.808
9.558	96.355
9.608	96.902
9.658	97.995
9.708	98.542
9.758	99.089
9.808	99.635
9.858	100.182
9.908	100.729
9.958	101.822
10.008	102.369
10.058	102.916
10.108	103.463
10.158	104.009
10.208	104.556
10.258	105.103
10.308	106.196
10.358	106.743
10.408	107.290
10.458	107.837
10.508	108.383
10.558	109.477
10.608	110.024
10.658	110.570
10.708	111.117
10.758	111.664
10.808	112.210
10.858	113.304
10.908	113.851
10.958	114.397
11.008	114.944
11.058	115.491
11.108	116.038
11.158	116.584
11.208	117.678
11.258	118.225
11.308	118.771
11.358	119.318
11.408	119.865
11.458	120.412
11.508	121.505
11.558	122.052
11.608	122.599
11.658	123.145
11.708	123.692
11.758	124.239
11.808	124.786
11.858	125.879
11.908	126.426
11.959	126.973
12.008	127.519
12.058	128.066
12.108	128.613
12.158	129.160
12.208	130.253
12.258	130.800
12.308	131.347
12.358	131.893
12.408	132.440
12.458	132.987
12.508	134.080
12.558	134.627
12.609	135.174
12.658	135.720
12.708	136.267
12.758	136.814
12.808	137.907
12.859	138.454
12.908	139.001
12.958	139.548
13.009	140.094
13.058	140.641
13.108	141.735
13.158	142.281
13.208	142.828
13.258	143.375
13.309	143.922
13.358	144.468
13.408	145.562
13.459	146.109
13.508	146.655
13.558	147.202
13.608	147.749
13.658	148.296
13.708	149.389
13.759	149.936
13.808	150.483
13.858	151.029
13.908	151.576
13.958	152.123
14.008	153.216
14.058	153.763
14.108	154.310
14.158	154.856
14.208	155.403
14.258	155.950
14.308	157.043
14.358	157.590
14.408	158.137
14.458	158.684
14.508	159.230
14.559	159.777
14.608	160.324
14.658	161.417
14.708	161.964
14.758	162.511
14.808	163.058
14.858	163.604
14.908	164.151
14.958	164.698
15.008	165.791
15.058	166.338
15.108	166.885
15.158	167.432
15.208	167.978
15.259	168.525
15.308	169.619
15.358	170.165
15.408	170.712
15.458	171.259
15.508	171.806
15.558	172.352
15.608	172.899
15.658	173.992
15.708	174.539
15.758	175.086
15.808	175.633
15.858	176.179
15.908	176.726
15.958	177.820
16.008	178.366
16.058	178.913
16.108	179.460
16.158	180.007
16.208	180.553
16.259	181.647
16.308	182.194
16.358	182.740
16.408	183.287
16.458	183.834
16.508	184.381
16.558	184.927
16.608	186.021
16.658	186.568
16.708	187.114
16.758	187.661
16.808	188.208
16.858	188.755
16.908	189.848
16.958	190.395
17.008	190.942
17.059	191.488
17.108	192.035
17.158	192.582
17.208	193.675
17.258	194.222
17.308	194.769
17.358	195.316
17.408	195.862
17.458	196.409
17.508	197.502
17.558	197.502
17.608	198.596
17.658	199.143
17.708	199.689
17.758	200.236
17.808	200.783
17.858	201.876
17.908	202.423
17.958	202.970
18.008	203.517
18.059	204.063
18.108	204.610
18.158	205.157
18.208	206.250
18.258	206.797
18.308	207.344
18.358	207.891
18.408	208.437
18.458	208.984
18.508	210.078
18.558	210.624
18.608	211.171
18.658	211.718
18.708	212.265
18.758	212.811
18.808	213.905
18.858	214.452
18.908	214.998
18.958	215.545
19.008	216.092
19.058	216.638
19.108	217.185
19.158	218.279
19.208	218.825
19.258	219.372
19.308	219.919
19.358	220.466
19.408	221.012
19.458	222.106
19.508	222.653
19.559	223.199
19.608	223.746
19.658	224.293
19.708	224.840
19.758	225.933
19.808	226.480
19.858	227.027
19.908	227.573
19.958	228.120
20.008	228.667
20.058	229.214
20.108	230.307
20.158	230.854
20.208	231.401
20.258	231.947
20.309	232.494
20.358	233.041
20.408	234.134
20.458	234.681
20.508	235.228
20.558	235.775
20.608	236.321
20.658	236.868
20.708	237.415
20.758	237.962
20.808	238.508
20.858	239.602
20.908	240.148
20.958	240.695
21.008	241.242
21.059	241.789
21.108	242.335
21.158	242.882
21.208	243.976
21.258	244.522
21.308	245.069
21.358	245.616
21.408	246.163
21.458	246.709
21.508	247.803
21.558	248.350
21.608	248.896
21.658	249.443
21.708	249.990
21.758	250.537
21.808	251.083
21.858	251.630
21.908	252.724
21.959	253.270
22.008	253.817
22.058	254.364
22.108	254.911
22.158	254.911
22.208	255.457
22.258	0.000
22.308	0.000
22.358	0.000
22.408	0.000
22.458	0.000
22.508	0.000
22.558	0.000
22.609	0.000
22.658	0.000
22.708	0.000
22.758	0.000
22.808	0.000
22.858	0.000
22.908	0.000
22.958	0.000
23.008	0.000