Motion Through Fluids Experiment Wed, Mar 21, 2018 2:43 PM
Time(sec)	Position(mm)
0.002	0.000
0.102	0.000
0.202	0.000
0.252	0.000
0.302	0.000
0.352	0.000
0.402	0.000
0.452	0.000
0.502	0.000
0.552	0.000
0.602	0.000
0.652	0.000
0.702	0.000
0.752	0.000
0.802	0.000
0.852	0.000
0.902	0.000
0.952	0.000
1.002	0.000
1.052	0.000
1.102	0.000
1.153	0.000
1.202	0.000
1.252	0.000
1.302	0.000
1.352	0.000
1.402	0.000
1.452	0.000
1.502	0.000
1.552	0.000
1.602	0.000
1.652	0.000
1.702	0.000
1.752	0.000
1.802	0.000
1.852	0.000
1.902	0.000
1.953	0.675
2.002	1.222
2.052	1.768
2.103	2.315
2.152	2.862
2.202	3.409
2.252	3.955
2.302	4.502
2.352	5.049
2.402	6.142
2.452	6.689
2.502	7.236
2.552	7.782
2.602	8.329
2.652	8.876
2.702	9.423
2.752	10.516
2.802	11.063
2.852	11.610
2.902	12.156
2.952	12.703
3.002	13.250
3.052	14.343
3.102	14.890
3.152	15.437
3.202	15.984
3.252	16.530
3.302	17.077
3.352	18.171
3.402	18.717
3.452	19.264
3.502	19.811
3.552	20.358
3.602	20.904
3.652	21.451
3.702	22.545
3.752	23.091
3.802	23.638
3.852	24.185
3.902	24.732
3.952	25.278
4.002	25.825
4.052	26.372
4.102	27.465
4.152	28.012
4.202	28.559
4.252	29.105
4.302	29.652
4.352	30.199
4.402	31.292
4.452	31.839
4.502	32.386
4.552	32.933
4.602	33.479
4.652	34.573
4.702	35.120
4.752	35.666
4.802	36.213
4.852	36.760
4.902	37.307
4.952	37.853
5.002	38.947
5.052	39.494
5.102	40.040
5.152	40.587
5.202	41.134
5.252	41.681
5.302	42.774
5.352	43.321
5.403	43.868
5.452	44.414
5.502	44.961
5.552	45.508
5.602	46.055
5.652	47.148
5.703	47.695
5.752	48.241
5.802	48.788
5.852	49.335
5.903	49.882
5.952	50.975
6.002	51.522
6.052	52.069
6.102	52.615
6.152	53.162
6.202	53.709
6.252	54.802
6.302	55.349
6.352	55.896
6.402	56.443
6.452	56.989
6.502	57.536
6.552	58.083
6.602	59.176
6.652	59.723
6.702	60.270
6.752	60.817
6.802	61.363
6.852	61.910
6.902	63.004
6.952	63.550
7.002	64.097
7.052	64.644
7.102	65.191
7.152	65.737
7.202	66.284
7.253	67.378
7.302	67.924
7.352	68.471
7.402	69.018
7.452	69.564
7.502	70.111
7.552	71.205
7.602	71.751
7.652	72.298
7.702	72.845
7.752	73.392
7.802	73.938
7.852	74.485
7.902	75.579
7.952	76.125
8.002	76.672
8.052	77.219
8.102	77.766
8.153	78.312
8.202	79.406
8.252	79.953
8.302	80.499
8.352	81.046
8.402	81.593
8.452	82.140
8.502	83.233
8.552	83.780
8.602	84.327
8.653	84.873
8.702	85.420
8.752	85.967
8.802	86.514
8.852	87.607
8.902	88.154
8.952	88.701
9.002	89.247
9.052	89.794
9.102	90.341
9.152	91.434
9.202	91.981
9.252	92.528
9.302	93.074
9.352	93.621
9.402	94.168
9.452	95.261
9.502	95.808
9.552	96.355
9.602	96.902
9.652	97.448
9.702	97.995
9.752	98.542
9.802	99.635
9.852	100.182
9.902	100.729
9.952	101.276
10.002	101.822
10.052	102.369
10.102	103.463
10.152	104.009
10.202	104.556
10.252	105.103
10.302	105.650
10.352	106.196
10.402	106.743
10.452	107.837
10.502	108.383
10.552	108.930
10.602	109.477
10.652	110.024
10.702	110.570
10.752	111.664
10.802	112.210
10.852	112.757
10.902	113.304
10.952	113.851
11.002	114.397
11.052	114.944
11.102	116.038
11.152	116.584
11.202	117.131
11.252	117.678
11.302	118.225
11.352	118.771
11.402	119.865
11.452	120.412
11.502	120.958
11.552	121.505
11.602	122.052
11.652	123.145
11.702	123.692
11.752	124.239
11.802	124.786
11.852	125.332
11.902	125.879
11.952	126.426
12.002	126.973
12.052	128.066
12.102	128.613
12.152	129.160
12.202	129.706
12.252	130.253
12.302	130.800
12.352	131.893
12.402	132.440
12.452	132.987
12.502	133.533
12.552	134.080
12.602	134.627
12.652	135.720
12.702	136.267
12.752	136.814
12.802	137.361
12.852	137.907
12.902	138.454
12.952	139.548
13.002	140.094
13.052	140.641
13.102	141.188
13.152	141.735
13.202	142.281
13.252	142.828
13.302	143.375
13.352	144.468
13.402	145.015
13.452	145.562
13.502	146.109
13.552	146.655
13.602	147.749
13.652	148.296
13.702	148.842
13.752	149.389
13.802	149.936
13.852	150.483
13.902	151.029
13.952	152.123
14.002	152.670
14.052	153.216
14.102	153.763
14.153	154.310
14.202	154.856
14.252	155.950
14.302	156.497
14.352	157.043
14.402	157.590
14.452	158.137
14.502	158.684
14.552	159.777
14.602	160.324
14.652	160.871
14.702	161.417
14.752	161.964
14.802	162.511
14.852	163.058
14.902	164.151
14.952	164.698
15.002	165.245
15.052	165.791
15.102	166.338
15.152	166.885
15.202	167.978
15.253	168.525
15.302	169.072
15.352	169.619
15.402	170.165
15.452	170.712
15.502	171.259
15.552	172.352
15.602	172.899
15.652	173.446
15.702	173.992
15.752	174.539
15.802	175.086
15.853	176.179
15.902	176.726
15.952	177.273
16.002	177.820
16.052	178.366
16.102	178.913
16.152	179.460
16.202	180.553
16.252	181.100
16.302	181.647
16.352	182.194
16.402	182.740
16.452	183.287
16.503	183.834
16.552	184.927
16.602	185.474
16.652	186.021
16.702	186.568
16.752	187.114
16.802	187.661
16.852	188.208
16.902	189.301
16.952	189.848
17.002	190.395
17.053	190.942
17.102	191.488
17.152	192.035
17.202	193.129
17.252	193.675
17.302	194.222
17.352	194.769
17.402	195.316
17.452	195.862
17.502	196.409
17.552	197.502
17.602	198.049
17.652	198.596
17.702	199.143
17.752	199.689
17.802	200.236
17.852	201.330
17.902	201.876
17.952	202.423
18.002	202.970
18.053	203.517
18.102	204.063
18.152	205.157
18.202	205.704
18.252	206.250
18.302	206.797
18.352	207.344
18.402	207.891
18.452	208.437
18.503	209.531
18.552	210.078
18.602	210.624
18.652	211.171
18.702	211.718
18.752	212.265
18.802	213.358
18.852	213.905
18.902	214.452
18.952	214.998
19.002	215.545
19.052	216.092
19.102	216.638
19.152	217.732
19.202	218.279
19.252	218.825
19.302	219.372
19.352	219.919
19.402	220.466
19.452	221.012
19.502	222.106
19.553	222.653
19.602	223.199
19.652	223.746
19.702	224.293
19.752	224.840
19.802	225.386
19.852	226.480
19.902	227.027
19.952	227.573
20.002	228.120
20.052	228.667
20.102	229.214
20.152	230.307
20.202	230.854
20.252	231.401
20.302	231.947
20.353	232.494
20.402	233.041
20.452	233.588
20.502	234.681
20.552	235.228
20.602	235.775
20.653	236.321
20.702	236.868
20.752	237.415
20.802	237.962
20.852	239.055
20.902	239.602
20.952	240.148
21.002	240.695
21.052	241.242
21.102	241.789
21.152	242.882
21.202	243.429
21.252	243.976
21.302	244.522
21.352	245.069
21.402	245.616
21.452	246.163
21.502	246.709
21.552	247.803
21.602	248.350
21.652	248.896
21.702	249.443
21.752	249.990
21.802	250.537
21.852	251.083
21.902	251.630
21.952	252.724
22.002	253.270
22.052	253.817
22.102	254.364
22.152	254.911
22.202	254.911
22.252	255.457
22.302	0.000
22.352	0.000
22.402	0.000
22.452	0.000
22.502	0.000
22.552	0.000
22.602	0.000
22.652	0.000
22.702	0.000
22.752	0.000
22.802	0.000
22.852	0.000